0
0
0
0
0
0
0
0
0
0
0
0
0
0
0
0
0
0
0
0
0
0
0
0
0
0
0
0
0
0
0
0
0
0
0
0
0
0
0
0
0
0
0
0
0
0
0
0
0
0
0
0
0
0
0
0
0
0
0
0
0
0
0
0
0
0
0
0
0
0
0
0
0
0
0
0
0
0
0
0
0
0
0
0
0
0
0
0
0
0
0
0
0
0
07474
07d7d
0abab
10000
10000
09696
05d5d
0
0
0
0
0
0
0
0
0
0
0
0
0
0
0
0
0
0
0
0
0a9a9
0fdfd
0fdfd
0fdfd
0fdfd
0fdfd
0fdfd
0dada
01e1e
0
0
0
0
0
0
0
0
0
0
0
0
0
0
0
0
0
0
0a9a9
0fdfd
0fdfd
0fdfd
0d5d5
08e8e
0b0b0
0fdfd
0fdfd
07a7a
0
0
0
0
0
0
0
0
0
0
0
0
0
0
0
0
0
03434
0fafa
0fdfd
0d2d2
02020
00c0c
0
00606
0cece
0fdfd
08c8c
0
0
0
0
0
0
0
0
0
0
0
0
0
0
0
0
0
04d4d
0fbfb
0d2d2
01919
0
0
0
07a7a
0f8f8
0fdfd
04141
0
0
0
0
0
0
0
0
0
0
0
0
0
0
0
0
0
0
01f1f
01212
0
0
0
0
0d1d1
0fdfd
0fdfd
04141
0
0
0
0
0
0
0
0
0
0
0
0
0
0
0
0
0
0
0
0
0
0
0
07575
0f7f7
0fdfd
0c6c6
00a0a
0
0
0
0
0
0
0
0
0
0
0
0
0
0
0
0
0
0
0
0
0
0
04c4c
0f7f7
0fdfd
0e7e7
03f3f
0
0
0
0
0
0
0
0
0
0
0
0
0
0
0
0
0
0
0
0
0
0
0
08080
0fdfd
0fdfd
09090
0
0
0
0
0
0
0
0
0
0
0
0
0
0
0
0
0
0
0
0
0
0
0
0b0b0
0f6f6
0fdfd
09f9f
00c0c
0
0
0
0
0
0
0
0
0
0
0
0
0
0
0
0
0
0
0
0
0
0
01919
0eaea
0fdfd
0e9e9
02323
0
0
0
0
0
0
0
0
0
0
0
0
0
0
0
0
0
0
0
0
0
0
0
0c6c6
0fdfd
0fdfd
08d8d
0
0
0
0
0
0
0
0
0
0
0
0
0
0
0
0
0
0
0
0
0
0
0
04e4e
0f8f8
0fdfd
0bdbd
00c0c
0
0
0
0
0
0
0
0
0
0
0
0
0
0
0
0
0
0
0
0
0
0
01313
0c8c8
0fdfd
0fdfd
08d8d
0
0
0
0
0
0
0
0
0
0
0
0
0
0
0
0
0
0
0
0
0
0
0
08686
0fdfd
0fdfd
0adad
00c0c
0
0
0
0
0
0
0
0
0
0
0
0
0
0
0
0
0
0
0
0
0
0
0
0f8f8
0fdfd
0fdfd
01919
0
0
0
0
0
0
0
0
0
0
0
0
0
0
0
0
0
0
0
0
0
0
0
0
0f8f8
0fdfd
0fdfd
02b2b
01414
01414
01414
01414
00505
0
00505
01414
01414
02525
09696
09696
09696
09393
00a0a
0
0
0
0
0
0
0
0
0
0f8f8
0fdfd
0fdfd
0fdfd
0fdfd
0fdfd
0fdfd
0fdfd
0a8a8
08f8f
0a6a6
0fdfd
0fdfd
0fdfd
0fdfd
0fdfd
0fdfd
0fdfd
07b7b
0
0
0
0
0
0
0
0
0
0aeae
0fdfd
0fdfd
0fdfd
0fdfd
0fdfd
0fdfd
0fdfd
0fdfd
0fdfd
0fdfd
0fdfd
0f9f9
0f7f7
0f7f7
0a9a9
07575
07575
03939
0
0
0
0
0
0
0
0
0
0
07676
07b7b
07b7b
07b7b
0a6a6
0fdfd
0fdfd
0fdfd
09b9b
07b7b
07b7b
02929
0
0
0
0
0
0
0
0
0
0
0
0
0
0
0
0
0
0
0
0
0
0
0
0
0
0
0
0
0
0
0
0
0
0
0
0
0
0
0
0
0
0
0
0
0
0
0
0
0
0
0
0
0
0
0
0
0
0
0
0
0
0
0
0
0
0
0
0
0
0
0
0
0
0
0
0
0
0
0
0
0
0
0
0
0
0
0
0
0
0
0
0
0
0
0
0
0
0
0
0
0
0
0
0
0
0
0
0
0
0
0
0
0
0
0
0
0
0
0
0
0
0
0
0
0
0
0
0
0
0
0
0
0
0
0
0
0
0
0
0
0
0
0
0
0
0
0
